                         Paired Hotelling's T-Square                          


  Obs  h1  h2  h3  h4  w1  w2  w3  w4  d1  d2  d3  d4
-----  --  --  --  --  --  --  --  --  --  --  --  --
    1   2   3   5   5   4   4   5   5  -2  -1   0   0
    2   5   5   4   4   4   5   5   5   1   0  -1  -1
    3   4   5   5   5   4   4   5   5   0   1   0   0
    4   4   3   4   4   4   5   5   5   0  -2  -1  -1
    5   3   3   5   5   4   4   5   5  -1  -1   0   0
    6   3   3   4   5   3   3   4   4   0   0   0   1
    7   3   4   4   4   4   3   5   4  -1   1  -1   0
    8   4   4   5   5   3   4   5   5   1   0   0   0
    9   4   5   5   5   4   4   5   4   0   1   0   1
   10   4   4   3   3   3   4   4   4   1   0  -1  -1
   11   4   4   5   5   4   5   5   5   0  -1   0   0
   12   5   5   4   4   5   5   5   5   0   0  -1  -1
   13   4   4   4   4   4   4   5   5   0   0  -1  -1
   14   4   3   5   5   4   4   4   4   0  -1   1   1
   15   4   4   5   5   4   4   5   5   0   0   0   0
   16   3   3   4   5   3   4   4   4   0  -1   0   1
   17   4   5   4   4   5   5   5   5  -1   0  -1  -1
   18   5   5   5   5   4   5   4   4   1   0   1   1
   19   5   5   4   4   3   4   4   4   2   1   0   0
   20   4   4   4   4   5   3   4   4  -1   1   0   0
   21   4   4   4   4   5   3   4   4  -1   1   0   0
   22   4   4   4   4   4   5   4   4   0  -1   0   0
   23   3   4   5   5   2   5   5   5   1  -1   0   0
   24   5   3   5   5   3   4   5   5   2  -1   0   0
   25   5   5   3   3   4   3   5   5   1   2  -2  -2
   26   3   3   4   4   4   4   4   4  -1  -1   0   0
   27   4   4   4   4   4   4   5   5   0   0  -1  -1
   28   3   3   5   5   3   4   4   4   0  -1   1   1
   29   4   4   3   3   4   4   5   4   0   0  -2  -1
   30   4   4   5   5   4   4   5   5   0   0   0   0

                         Paired Hotelling's T-Square                          

       0
       0
       0
       0
  0.0667
 -0.1333
    -0.3
 -0.1333

   0.823  0.0782 -0.0138 -0.0598
  0.0782  0.8092 -0.2138 -0.1563
 -0.0138 -0.2138  0.5621  0.5103
 -0.0598 -0.1563  0.5103  0.6023

 13.1278
  2.9424
       4
      26
  0.0394

                      Confidence Intervals - Spouse Data                      


  Obs  variable  _TYPE_  _FREQ_   n           xbar            s2             f             t          losim         upsim          lobon         upbon
-----  --------  ------  ------  --  -------------  ------------  ------------  ------------  -------------  ------------  -------------  ------------
    1         1       0      30  30   0.0666666667  0.8229885057  2.7425941372  2.6631957226  -0.5127077974  0.6460411307  -0.3744356535  0.5077689868
    2         2       0      30  30  -0.1333333333  0.8091954023  2.7425941372  2.6631957226  -0.7078321893  0.4411655226  -0.5707236465  0.3040569798
    3         3       0      30  30           -0.3  0.5620689655  2.7425941372  2.6631957226  -0.7788034468  0.1788034468  -0.6645333448  0.0645333448
    4         4       0      10  10           -0.4  0.9333333333  4.5336769503  3.1109348232  -1.9933797702  1.1933797702  -1.3504062873  0.5504062873

