                 Eigenvalues and Eigenvectors - Wechsler Data                 


  Obs  id  info  sim  arith  pict
-----  --  ----  ---  -----  ----
    1   1     7    5      9     8
    2   2     8    8      5     6
    3   3    16   18     11     9
    4   4     8    3      7     9
    5   5     6    3     13     9
    6   6    11    8     10    10
    7   7    12    7      9     8
    8   8     8   11      9     3
    9   9    14   12     11     4
   10  10    13   13     13     6
   11  11    13    9      9     9
   12  12    13   10     15     7
   13  13    14   11     12     8
   14  14    15   11     11    10
   15  15    13   10     15     9
   16  16    10    5      8     6
   17  17    10    3      7     7
   18  18    17   13     13     7
   19  19    10    6     10     7
   20  20    10   10     15     8
   21  21    14    7     11     5
   22  22    16   11     12    11
   23  23    10    7     14     6
   24  24    10   10      9     6
   25  25    10    7     10    10
   26  26     7    6      5     9
   27  27    15   12     10     6
   28  28    17   15     15     8
   29  29    16   13     16     9
   30  30    13   10     17     8
   31  31    13   10     17    10
   32  32    19   12     16    10
   33  33    19   15     17    11
   34  34    13   10      7     8
   35  35    15   11     12     8
   36  36    16    9     11    11
   37  37    14   13     14     9

                 Eigenvalues and Eigenvectors - Wechsler Data                 

                       The PRINCOMP Procedure

                    Observations          37
                    Variables              4

                       Simple Statistics

Variable            Mean          StdDev

info            12.56757         3.38740
sim              9.56757         3.47643
arith           11.48649         3.33018
pict             7.97297         1.92190

                    Covariance Matrix

                  info       sim     arith      pict

info           11.4745    9.0856    6.3829    2.0713
sim             9.0856   12.0856    5.9384    0.5435
arith           6.3829    5.9384   11.0901    1.7913
pict            2.0713    0.5435    1.7913    3.6937

             Eigenvalues of the Covariance Matrix

                  Eigenvalue    Difference    Proportion    Cumulative

             1   26.24527763   19.98991133        0.6845        0.6845
             2    6.25536631    2.32381350        0.1631        0.8476
             3    3.93155280    2.01990570        0.1025        0.9501
             4    1.91164710    0.00000000        0.0499        1.0000

                           Eigenvectors

              Prin1       Prin2       Prin3       Prin4

info        0.605747   -0.217647   -0.460503    0.611259
sim         0.604762   -0.495812    0.319676   -0.535015
arith       0.505134    0.794645    0.334926    0.034689
pict        0.110336    0.274480   -0.757343   -0.582166
                            95% prediction ellipse                            

                            95% prediction ellipse                            


  Obs             X             Y
-----  ------------  ------------
    1  1.3915010743  3.3593097532
    2  1.3275697489  3.3838495046
    3  1.2623282724  3.4050498046
    4  1.1958410304  3.4228897319
    5  1.1281736374  3.4373516802
    6  1.0593928736  3.4484213774
    7  0.9895666166  3.4560878989
    8   0.918763777   3.460343679
    9  0.8470542284  3.4611845178
   10  0.7745087398  3.4586095853

... 90 more observations (showing 10 of 100)

