                  2-Sample Hotellings T2 - Swiss Bank Notes                   

      15
215.0133
  129.98
129.8733
  8.2733
    10.2
  141.66

  0.1112  0.0717  0.0561  0.0654  0.0121  -0.033
  0.0717   0.296   0.198  0.1223  0.0679 -0.1544
  0.0561   0.198   0.225  0.1885 -0.0257 -0.1219
  0.0654  0.1223  0.1885  0.7007 -0.5929 -0.1219
  0.0121  0.0679 -0.0257 -0.5929  0.8743   0.035
  -0.033 -0.1544 -0.1219 -0.1219   0.035  0.1654

      15
214.9933
130.3467
   130.3
    10.1
   11.38
139.9133

  0.0621  0.0303  0.0271 -0.0679  0.0177  0.0315
  0.0303  0.0312  0.0336  0.0029  0.0046  0.0293
  0.0271  0.0336  0.1071 -0.0421  0.0057  0.0757
 -0.0679  0.0029 -0.0421  0.9786 -0.2421 -0.0029
  0.0177  0.0046  0.0057 -0.2421  0.1903   0.011
  0.0315  0.0293  0.0757 -0.0029   0.011  0.1441

  0.0867   0.051  0.0416 -0.0012  0.0149 -0.0007
   0.051  0.1636  0.1158  0.0626  0.0362 -0.0625
  0.0416  0.1158   0.166  0.0732   -0.01 -0.0231
 -0.0012  0.0626  0.0732  0.8396 -0.4175 -0.0624
  0.0149  0.0362   -0.01 -0.4175  0.5323   0.023
 -0.0007 -0.0625 -0.0231 -0.0624   0.023  0.1548

322.1199
 44.0997
       6
      23
       0

                      Bartlett's Test - Swiss Bank Notes                      


                          The DISCRIM Procedure

      Total Sample Size          30    DF Total              29
      Variables                   6    DF Within Classes     28
      Classes                     2

                        Prior Probabilities for Classification

                            fake        real

     Prior                0.5000      0.5000
     Frequency                15          15

                      Class Level Information for Discriminant Analysis

      fake: 214.9933  130.3467  130.3000  10.1000  11.3800  139.9133
      real: 215.0133  129.9800  129.8733  8.2733  10.2000  141.6600

               Classification Summary for Calibration Data: Classification Results

          15     0
           0    15

      Error Count Estimates for Classification Results
      Total Error Rate: 0.0000

